<<<<<<< HEAD
  0081.6715,  71.08754048,  0018.2083593,00000048.138,   0.6606546525
     0035.293, 000049.572,      91.4162587,  003.419298, 044.694949
0087.95991, 42.38236217,035.9925,   000045.492,    00045.2414
      00044.744,      074.1292,      099.2382626,    00028.75415,   82.82408282
  8.174260746, 99.7590854,     000075.8962,   00082.6195,    46.32238208
 039.0924517,  000077.7887,     0015.9566882,   00.316061,   85.51022369
000001.9148,      00094.724763,00004.9814,    000029.485,     16.79501171
32.9405721,     000023.36779,  21.77271291, 54.3224505,094.7457
     30.959142,    26.80829566,      11.0410214,000086.16,  75.63183783
  0025.309931,     7.9882372,      020.3058997,     000.96991877, 84.89340668
    000029.4879,     0088.6563906,      76.82694422,    00079.844,9.3781329
 043.7655, 77.58655266,    000095.85242,      037.3586,      070.62163
 007.50404,  000077.52857,     00025.1755, 69.937221, 0020.0213
    088.785551,016.3361685,0051.77776,003.86187964,  00031.7132
    24.125897,  0010.41424,     049.31444, 000091.96522,     99.6744485
      056.78054,     000067.01901,  0000032.312,    0009.7644, 0014.8913322
 0004.5675,00000042.342,  03.355926129,    95.7142459,    0053.4211
 0020.678,66.0049206,  000050.0382,     0089.3701,  000043.77348
      60.5848838,      90.0203797,0000039.523,     077.8782,      66.90186646
  00068.86049,     59.91305633,  000001.3492,   86.4420327,    00041.608409
000066.73,  00066.80096,060.49768,1.145056875,29.9514705
    018.762164,  0000015.1191,    00047.193875,     015.22745114,    000011.948
 051.66293,    00079.697631,     20.58853,      17.98497548,     068.08417
   0057.056576,    0000038.3121,  0039.7718374,      12.852898, 0059.30037
  00048.44656,      00000088.973, 031.7312956,   041.93869197,      000099.0054
    93.9294475,   0039.16203,      031.56687262,    000047.036,  02.8174264
 00014.884,029.1436093,89.77673489,     83.25352687,    52.9436642
   0039.494,     0081.7766772, 0057.196,     13.16693955,   82.37095
    0093.3375, 68.73094104,    24.20835216,    90.101552, 0053.4903
     00000071.604, 00008.22458,    018.05101695,    67.7391052,  00086.4999
     040.290829,     00057.3741,     00000094.762,0043.1208,     79.570569
     75.682496,67.03404872, 84.110487,     03.74074, 90.30053
   0000037.637, 049.571323,0001.483295,  72.94240482,     098.2981252
      67.3169061,40.6289974,  0096.425419,      23.725805,  0058.2856564
    0098.601956,   30.3213732,   0060.1751,   4.174704474,  089.50424
   0058.502022,    00087.335,016.51845248,     00020.98102, 0005.2651909
 025.891511,   69.0927067,   69.76151658,     13.34003,28.920231
     000044.25465,     000018.0374,  35.4298589,    0053.3484, 02.2170724
   024.8330506,   45.295688,    9.81520628,  035.063325, 0016.975061
     0000020.973,   0023.66977, 088.860841, 0086.972,      73.876478
00000086.283,   000090.07639,     0071.496226,   0077.3845546,   74.29506
     74.35289557,    000003.8523,   0.872931,    38.6499233,   035.68539
  45.1820848,    00057.9049,    0008.1235, 000067.02343,  000020.128
    00058.83007,   085.80327,     22.823471,     000005.29926,  0039.6777355
      068.38250764,      87.40040661,    084.458999,   0024.903733,     0085.8641893
   8.042007614,0000098.8353,  0000086.071,      000020.88002,    90.82573942
 00033.41483,   62.631209,0035.4992,      063.70748,      0010.0312889
     00038.57749,     72.422253,    00008.7399,     0094.238,     78.91829106
    0049.750865,    21.8565066,  000041.657,     00065.187,51.9944489
 000047.29512,   46.542312,026.489649,    0049.721,   19.9614703
    0088.1949171,  98.49319755, 32.8627045,    00071.348634,     55.4271615
  00000090.309, 64.82297617, 000091.184,    00039.326,     000056.4895
  0054.06938,   0000060.731,   000081.389, 00041.74796,      0067.0799638
00070.93971,    058.76957, 011.64563, 0097.2285,  032.4378
     0038.5016848,    13.3517259,    3.666064998,    000029.5808, 027.28147611
      055.22809948,     89.6783831,      16.07969, 00063.219,    0098.404
   00026.939,    0006.72972,   00089.872,    35.3111904,    00058.317561
0004.7467,    0021.81581,08.29651,      35.4977663,   044.4922006
007.8780764,     90.194278,      3.407132,     00049.071831,  0000028.762
     59.515247,     00017.05547,     0097.20134,    025.7609,0035.31523
     00000012.828,   0050.0633,079.2022,      019.4463, 20.83699689
 022.2947,      81.525802,  0085.7187,00048.339571,    067.81509
   0000056.105,      0087.5718391,     0000062.7445,     000020.028,      38.287766
0081.585174,000060.195,   88.2680512, 34.99399163, 00070.10296
      0080.154353,      21.5899033, 60.100242,   0046.2739071,  0032.107699
  69.7454195,    00095.173,   00041.5324, 92.3883246,    48.7144664
   0080.68072,      000084.031, 86.6694589,     0064.74799,     0059.6681844
    00094.74065,   14.30633586,      78.98543567, 0000061.6189,  0085.871853
     45.23707886,   063.4555339,     07.57863,000.35407,  090.27486204
 0089.80833, 00009.64415,      000010.213, 0004.096, 087.1979
  0048.22905,      00000021.066, 023.16142874,    67.4010757,  0000009.2136
   9.3659444,0070.13465,    000053.036,      0000003.0234,    00000.28454
 092.53796,     00000085.937,    69.51727342,0000075.3957,   51.9856411
     00009.994084,    95.10982333,91.76045496,0000004.1339, 0000019.984
  00050.671, 31.85285,     000018.2625,00097.8078,000019.305
      22.1351134,16.6231752,    017.2527,      40.02587796,   030.4739
    00021.061313,  000062.26757,84.40094,     16.6471192,      000069.9723
     00091.85,    00063.6713,     60.4385737,98.66237744,     0035.1445227
    88.07044854,    98.898498,  030.85577, 25.6191428,      040.915423
    5.242969094, 066.21922,00095.8686,063.0967244,    0003.78242
  4.85020128,     082.9243, 076.86284441,  094.375169,      50.6434763
  55.98075,     94.88325228,    67.605552,   00000013.157,  0071.8543
00035.53295,      00055.766,    097.786974,     49.71735842,00053.09862
 80.7505754,  000027.048,    83.3875558,   000024.1635,      41.28621
    00091.097882,96.9548235,     0093.354451,    0000013.981,   060.853646
00000082.593,  66.72013175,    0013.63618,  88.07723649,  00040.1512
     81.1175032,    000057.314,     026.65573747,  086.7938635,   089.15417
  000075.415,   0013.331649,  50.81366,    0000098.02,  54.113918
     76.25517938,   028.55445101, 00096.968271,    49.8800981,   99.64418244
   28.263968, 00040.568,85.01971774, 0033.584604,   0088.7826
 000073.0711,     000080.9524, 54.93095,  0015.6129911,024.76715208
   027.920309,   0039.696, 068.9718,078.89315771, 81.7139188
     00086.0758,   00054.82379,  0097.1692259,      000026.15124,00032.238
     20.972265,     073.7696, 32.5329351,   030.81525,    060.9711
      0086.0154302,     000066.10188,     76.53672,  00000027.49, 052.991303
   60.475291,    00008.45769, 00096.96898,    38.3025276,     00000049.852
 55.2762128, 0009.71187,     0013.318,   0012.6665145,   00013.32739
0092.87576,  0034.67787,     0031.49111,      0.28528314,      00042.573
     0000059.544,     000012.7064,   060.2974135,    0000022.174,     086.0545
 14.411346, 000094.8409,    000065.5955,   64.23411228,  24.92353
=======
     000019.55714,  000062.51,    39.82005414,     00020.0781,  50.65921425
 027.2816319,     000011.836,   0078.57476, 00073.717,   003.8135704
      62.85082,      069.87503019,   0038.649194,   00000035.604, 0002.7786
   00052.534931,    0084.0927, 00041.63839,      052.0006238, 00041.2364
    0088.655978,   85.18484,    029.2308, 0073.085362,     26.45401
0024.961,      058.4575,099.3078694,      00068.0608,00.288767
   084.1615, 72.1847758,0035.611,      41.4911112,  00043.5456
      063.738867,      0073.4799635,0027.0115,      37.72713703,     5.2326021
    0029.95552,    71.3958912,      0041.2727,  73.4817328,     0000091.935
     12.7569978,17.95786583,  00060.18742,    00000043.842,  000098.258
     0061.299,      0062.6155,      93.035145,89.6068727,      088.73325
  33.6441186, 0078.3057,94.9766832,     000007.02241,98.76058886
  30.5996434,  0016.729,   00007.244736,     0000016.742,   0020.5915615
24.10388125,      52.978823, 095.479732,      89.70990847,    97.34313583
      26.05468,     077.14111,      033.0385,      00057.92359,      000061.711
 0008.4782,     0097.436,     0060.279,      000.81644373,   0064.5733894
    000091.674,      0089.97663,   0054.851,     0000088.9348,     00072.31188
13.23377,    000022.67606, 00019.603018,   000056.3829,    0065.5661
15.206928,    0087.5428,0005.9774725,  0071.6678,0098.80461
   24.4226149,   000060.99353,     053.21565237,      037.67468,   0000001.1517
      75.21925872,    60.60594,   30.52761194,   074.4918064,      00032.827864
  00000086.407, 000086.528,      68.483178,      63.5424486,   000090.69293
     68.2695242,  000041.213,52.6533368,  42.934519,  0000099.414
0096.11091,   000075.962,    13.4364265,    012.284996,      0023.3900767
      00025.3198,000009.57735, 75.87937018, 002.33706,    10.64992165
      80.89089235,      00073.640799,   067.65815464,    0095.5176321,    0075.9412
  0000070.2323,      0027.1677,    047.85194998,  0000000089.3,  39.01255494
  00000065.767,      000035.87624, 0017.0544839,050.7853,0032.6314433
    0026.4167071,    0000067.474,   13.34932776,   000091.6354,    00095.83692
   00060.33318,  0039.30199,   000030.246,      00052.367295,     77.3986367
    68.77100047,   15.91509227, 031.7386207,     00000063.294,     0033.7127
 61.04142282,    34.58753594, 20.29972187,      00063.61711,  000035.314
  00087.1206,      000000090.25,  00046.156569,    052.5248,  0058.968
     097.7207,      29.877938,  86.78638049,  0087.4905626,     00092.5444
  028.89284782, 0086.1377522,     00062.09986, 00080.348,0024.594318
00090.518013, 000004.0066,    42.2021781,35.09430335,39.3954489
0000093.307,   000090.09513,    00001.5694, 055.0112898,    69.63252
 00000028.575,    000087.27012,     00059.137898,   80.78162839,0000065.5151
     000077.1298,0000018.247,   21.0319559,   48.36684,     00031.762393
      086.57176621,    91.10812612,    022.15165,  00067.93894,    34.3235863
    00000039.763,      0045.0386,   55.46845111,     00054.819626,      000013.954
  53.1175858,      048.969397,    019.156884,0065.94912,  060.406563
     74.032746,00000052.597, 0077.7836602,0012.21068, 0000071.612
000012.5683,067.7131,     11.7902454,   0030.002216,000066.6182
   84.84127993, 0036.2197,      0000090.951,   00071.83953,      81.3278819
  098.0844,  020.6846336,      065.25918,   54.721762,   071.4767876
    06.1304546,      96.0808919,      11.77157488, 58.9656293,39.1554577
      0041.384665,071.17506, 000085.8273,   086.2042,  000005.72094
 68.09102,      094.80162863,      21.19505, 010.7662,   29.2940277
   052.9681,85.7517554,    00047.32845,     020.4485094,   0000034.945
   094.40043032, 048.91431483,     00070.971534,  083.181082,    00083.79775
   00084.5363,00000003.464,     0052.8799,00000022.592,   0055.493136
     09.729661979, 15.7516675,    041.79049,   31.03739,    000038.421
20.075071, 0000074.9359,    0071.4088,  55.1864237,   000071.7124
0000097.6208,    00086.752,  000068.469,80.24145322,     00088.615
      00073.54551,      34.92760506,0073.623, 00024.4363,70.93186918
     0007.72846,  00.562682148,  20.02760435,     00025.188,   93.4794366
    59.92639,    00011.936,  03.0052712,     0035.021304,000060.5037
      00037.648475,   0018.6919, 00039.70323, 0022.41743,   058.2436992
     0001.3343,      00073.33772, 000029.86375,      000026.5014,     082.4034
  4.365359, 63.10323485,  0000018.64,     0002.6675,46.50200562
 60.2203229,  000.9436, 000094.97194,21.0290293,  71.73241
015.9581,    00064.447126,   000097.22929,  00061.7836,     0070.153
 096.08721,     00074.5806, 091.0390096,  93.829628,    00085.441
      005.02002,0000090.0631, 00012.6209,057.72161,37.742379
 0058.98794,   00040.726,    35.108614,     0004.4215,    0001.543128
036.37789378,0000050.2492,  017.5218,    040.0946,000047.44756
  69.7181276,  14.2005608,      089.4786,   39.0573603,     0000065.531
     00089.538,     44.77249733,      63.6430974,   98.0821252,    000010.7332
00083.39396,0000010.871,     15.6565923,     000003.20499,      00016.0143
00028.107218,      8.73834554,  76.35870803,  0011.9381255,021.9907
0000036.5656,     0038.392,      0067.663048,  00036.81483,00000037.16
27.2736833,      0079.48529,     62.73830191,00005.786525,  097.8372
 00090.26368,     00035.213,     0000049.1613, 000019.61509,  000077.858
   0000.04083,      017.1729623,     0076.729886,   00065.567716,000086.274
   06.12624,      0081.0964149, 00095.0789,00013.671,93.7655788
0000065.367,      00019.654,   78.33216668,000059.052,     24.068986
  00042.282206,  000036.125,00000086.035,   54.20181631, 95.63977312
 043.7145,    0000028.9073,     013.3409,    80.126972, 57.1563261
 0018.3130452,  0044.44411, 069.197606,   11.639364,      0000066.166
   0009.2147,    0043.257,      72.521599,32.8005696,    025.2084
      00095.11994, 23.03492497,079.76213961,  00044.087,084.795268
  72.1181167, 05.02269,   096.299514, 094.9331, 97.724818
 56.601345,   0.8583091,   000073.2165, 060.147359,    32.284489
     77.22085,      32.4439374,    000018.307,  0069.7553906,0061.443
     00080.96334,      0000069.6235,0007.203397, 60.372735,      086.1373557
  000000051.37,     0032.66063,017.0042192,      29.7397039,   99.745251
00007.02959,  040.5383209, 35.7248757,  00000048.252,    00011.637673
  53.8058333,     73.34182264, 00010.133,  065.566173, 59.2580236
094.57429683, 000079.61952,      0020.4629, 6.6650633,9.14633989
  05.11971226,   00033.258, 028.172951,     004.59987,   00058.029
      000048.859, 000007.5415,  0078.7932,     029.05283,000065.552
      88.18625417,22.75876795,   000059.96473,  00023.16,   86.91364602
   068.68085231, 43.46957, 0051.3515,   0039.5752821,  00037.085
     000023.49564,   000017.4106,  019.87926, 0061.412762,  000065.3206
00045.41659,92.25556015,  00000027.644,   57.57633,     29.69346426
   072.500937,   31.1489858,     55.3186937, 42.67631507,000097.6731
   77.24546,     46.73081,    047.751562,     016.69975908,  000033.0718
    00004.5941,     48.87195531,     00060.672752,  00026.1515, 0065.96654
      000053.929,70.3404067,      0.545969853,0034.118,      31.5600522
>>>>>>> 1e7ca627d4d1bb834c66528626ce4aeb00a1bff5
